{
 "cells": [
  {
   "cell_type": "code",
   "execution_count": 8,
   "metadata": {},
   "outputs": [
    {
     "name": "stdout",
     "output_type": "stream",
     "text": [
      "邻接矩阵:\n",
      "[0, 25.3, 25.09, 9.62, 2.1, 0, 0, 0, 0, 1.14, 0, 0, 0.86, 11.85, 7.25, 2.34, 0, 0, 0, 0, 0, 0, 4.25, 4.5, 0, 0, 3.11, 7.39, 3.61, 0, 0]\n",
      "[25.3, 0, 24.84, 6.4, 0.97, 0, 0, 0, 0, 0, 0, 0, 0, 11.92, 6.58, 0, 0, 0, 0, 0, 0, 0, 4.55, 4.84, 0, 0, 3.27, 7.73, 3.82, 0, 0]\n",
      "[25.09, 24.84, 0, 12.48, 3.96, 3.27, 2.52, 2.1, 0, 3.56, 1.5, 0, 4.11, 13.85, 8.1, 3.86, 2.36, 0, 1.33, 1.09, 2.24, 0, 4.66, 4.97, 0, 0, 3.32, 7.63, 3.9, 1, 2.1]\n",
      "[9.62, 6.4, 12.48, 0, 11.87, 9.15, 7.73, 6.96, 6.85, 15.28, 7.93, 6.54, 9.84, 7.15, 4.1, 10.64, 7.32, 2.32, 5.19, 7.84, 5.09, 3.51, 3.21, 3.35, 4.19, 3.05, 2.51, 3.87, 2.83, 2.84, 2.96]\n",
      "[2.1, 0.97, 3.96, 11.87, 0, 7.62, 5.33, 8.44, 6.84, 6.29, 9.52, 1.51, 6.4, 1.77, 0.89, 5.48, 7.29, 1.2, 6.71, 5.92, 2.84, 1.26, 0.84, 0.85, 1.34, 1.2, 0.78, 0.88, 0.81, 1.09, 0.89]\n",
      "[0, 0, 3.27, 9.15, 7.62, 0, 10.82, 6.14, 3.51, 8.19, 8.83, 0, 13.32, 0, 0, 6.26, 7.06, 0.79, 4.97, 6.92, 6.19, 0, 0, 0, 0, 0, 0, 0, 0, 1.65, 3.69]\n",
      "[0, 0, 2.52, 7.73, 5.33, 10.82, 0, 4.23, 3.07, 7.88, 6.11, 0, 6.34, 0, 0, 7.1, 4.63, 2.02, 3.01, 4.97, 4.11, 0, 0, 0, 0, 0, 0, 0, 0, 1.26, 2.72]\n",
      "[0, 0, 2.1, 6.96, 8.44, 6.14, 4.23, 0, 3.91, 2.47, 7.71, 0, 7.61, 0, 0, 1.87, 7.67, 0, 6.99, 3.23, 4.75, 0, 0, 0, 0, 0, 0, 0, 0, 0.93, 2.34]\n",
      "[0, 0, 0, 6.85, 6.84, 3.51, 3.07, 3.91, 0, 4.28, 4.96, 2.03, 2.71, 0, 0, 3.37, 3.36, 1.69, 3.48, 3.54, 1.69, 1.6, 0, 0, 1.73, 1.5, 0, 0, 0, 0, 0]\n",
      "[1.14, 0, 3.56, 15.28, 6.29, 8.19, 7.88, 2.47, 4.28, 0, 5.31, 5.53, 5.59, 0.83, 0, 11.03, 3.83, 2.78, 1.51, 7.07, 2.28, 3.2, 0, 0, 3.75, 2.81, 0, 0, 0, 1.56, 2.33]\n",
      "[0, 0, 1.5, 7.93, 9.52, 8.83, 6.11, 7.71, 4.96, 5.31, 0, 2.22, 5.79, 0, 0, 4.53, 6.49, 0, 6.22, 7.37, 3.69, 1.72, 0, 0, 1.87, 1.6, 0, 0, 0, 0.67, 1.59]\n",
      "[0, 0, 0, 6.54, 1.51, 0, 0, 0, 2.03, 5.53, 2.22, 0, 0, 0, 0, 1.71, 0, 0, 0, 4.08, 0, 3.35, 0, 0, 3.95, 2.93, 0, 0, 0, 0, 0]\n",
      "[0.86, 0, 4.11, 9.84, 6.4, 13.32, 6.34, 7.61, 2.71, 5.59, 5.79, 0, 0, 0.67, 0, 3.62, 7.75, 0, 6.04, 3.55, 7.42, 0, 0, 0, 0, 0, 0, 0, 0, 1.54, 3.97]\n",
      "[11.85, 11.92, 13.85, 7.15, 1.77, 0, 0, 0, 0, 0.83, 0, 0, 0.67, 0, 5.6, 1.31, 0, 0, 0, 0, 0, 0, 4.06, 4.29, 0, 0, 3.01, 5.84, 3.47, 0, 0]\n",
      "[7.25, 6.58, 8.1, 4.1, 0.89, 0, 0, 0, 0, 0, 0, 0, 0, 5.6, 0, 0, 0, 0, 0, 0, 0, 0, 3.26, 3.4, 0, 0, 2.54, 3.93, 2.86, 0, 0]\n",
      "[2.34, 0, 3.86, 10.64, 5.48, 6.26, 7.1, 1.87, 3.37, 11.03, 4.53, 1.71, 3.62, 1.31, 0, 0, 2.21, 2.74, 1.25, 4.43, 1.85, 1.4, 0, 0, 1.49, 1.32, 0, 0, 0, 1, 1.83]\n",
      "[0, 0, 2.36, 7.32, 7.29, 7.06, 4.63, 7.67, 3.36, 3.83, 6.49, 0, 7.75, 0, 0, 2.21, 0, 0, 6.01, 3.66, 4.15, 0, 0, 0, 0, 0, 0, 0, 0, 1.43, 2.26]\n",
      "[0, 0, 0, 2.32, 1.2, 0.79, 2.02, 0, 1.69, 2.78, 0, 0, 0, 0, 0, 2.74, 0, 0, 0, 0, 0, 0, 0, 0, 0, 0, 0, 0, 0, 0, 0]\n",
      "[0, 0, 1.33, 5.19, 6.71, 4.97, 3.01, 6.99, 3.48, 1.51, 6.22, 0, 6.04, 0, 0, 1.25, 6.01, 0, 0, 2.78, 3.33, 0, 0, 0, 0, 0, 0, 0, 0, 0.67, 1.36]\n",
      "[0, 0, 1.09, 7.84, 5.92, 6.92, 4.97, 3.23, 3.54, 7.07, 7.37, 4.08, 3.55, 0, 0, 4.43, 3.66, 0, 2.78, 0, 1.98, 2.66, 0, 0, 3.02, 2.38, 0, 0, 0, 1.09, 0.89]\n",
      "[0, 0, 2.24, 5.09, 2.84, 6.19, 4.11, 4.75, 1.69, 2.28, 3.69, 0, 7.42, 0, 0, 1.85, 4.15, 0, 3.33, 1.98, 0, 0, 0, 0, 0, 0, 0, 0, 0, 0.67, 2.94]\n",
      "[0, 0, 0, 3.51, 1.26, 0, 0, 0, 1.6, 3.2, 1.72, 3.35, 0, 0, 0, 1.4, 0, 0, 0, 2.66, 0, 0, 0, 0, 2.6, 2.11, 0, 0, 0, 0, 0]\n",
      "[4.25, 4.55, 4.66, 3.21, 0.84, 0, 0, 0, 0, 0, 0, 0, 0, 4.06, 3.26, 0, 0, 0, 0, 0, 0, 0, 0, 2.77, 0, 0, 2.17, 3.11, 2.4, 0, 0]\n",
      "[4.5, 4.84, 4.97, 3.35, 0.85, 0, 0, 0, 0, 0, 0, 0, 0, 4.29, 3.4, 0, 0, 0, 0, 0, 0, 0, 2.77, 0, 0, 0, 2.23, 3.24, 2.48, 0, 0]\n",
      "[0, 0, 0, 4.19, 1.34, 0, 0, 0, 1.73, 3.75, 1.87, 3.95, 0, 0, 0, 1.49, 0, 0, 0, 3.02, 0, 2.6, 0, 0, 0, 2.34, 0, 0, 0, 0, 0]\n",
      "[0, 0, 0, 3.05, 1.2, 0, 0, 0, 1.5, 2.81, 1.6, 2.93, 0, 0, 0, 1.32, 0, 0, 0, 2.38, 0, 2.11, 0, 0, 2.34, 0, 0, 0, 0, 0, 0]\n",
      "[3.11, 3.27, 3.32, 2.51, 0.78, 0, 0, 0, 0, 0, 0, 0, 0, 3.01, 2.54, 0, 0, 0, 0, 0, 0, 0, 2.17, 2.23, 0, 0, 0, 2.45, 1.99, 0, 0]\n",
      "[7.39, 7.73, 7.63, 3.87, 0.88, 0, 0, 0, 0, 0, 0, 0, 0, 5.84, 3.93, 0, 0, 0, 0, 0, 0, 0, 3.11, 3.24, 0, 0, 2.45, 0, 2.75, 0, 0]\n",
      "[3.61, 3.82, 3.9, 2.83, 0.81, 0, 0, 0, 0, 0, 0, 0, 0, 3.47, 2.86, 0, 0, 0, 0, 0, 0, 0, 2.4, 2.48, 0, 0, 1.99, 2.75, 0, 0, 0]\n",
      "[0, 0, 1, 2.84, 1.09, 1.65, 1.26, 0.93, 0, 1.56, 0.67, 0, 1.54, 0, 0, 1, 1.43, 0, 0.67, 1.09, 0.67, 0, 0, 0, 0, 0, 0, 0, 0, 0, 0.83]\n",
      "[0, 0, 2.1, 2.96, 0.89, 3.69, 2.72, 2.34, 0, 2.33, 1.59, 0, 3.97, 0, 0, 1.83, 2.26, 0, 1.36, 0.89, 2.94, 0, 0, 0, 0, 0, 0, 0, 0, 0.83, 0]\n",
      "\n",
      "邻接字典:\n",
      "Yanyan-Wang: {'Aarebecca': 25.3, 'pomelo-nwu': 25.09, 'yangzy0603': 11.85, 'tyn1998': 9.62, 'yvonneyx': 7.39, 'lidongze0629': 7.25, 'RackweLLizm': 4.5, 'yikenie': 4.25, 'yubo0923': 3.61, 'Maple0817': 3.11, 'wj23027': 2.34, 'frank-zsy': 2.1, 'andyhuang18': 1.14, 'bifenglin': 0.86}\n",
      "Aarebecca: {'Yanyan-Wang': 25.3, 'pomelo-nwu': 24.84, 'yangzy0603': 11.92, 'yvonneyx': 7.73, 'lidongze0629': 6.58, 'tyn1998': 6.4, 'RackweLLizm': 4.84, 'yikenie': 4.55, 'yubo0923': 3.82, 'Maple0817': 3.27, 'frank-zsy': 0.97}\n",
      "pomelo-nwu: {'Yanyan-Wang': 25.09, 'Aarebecca': 24.84, 'yangzy0603': 13.85, 'tyn1998': 12.48, 'lidongze0629': 8.1, 'yvonneyx': 7.63, 'RackweLLizm': 4.97, 'yikenie': 4.66, 'bifenglin': 4.11, 'frank-zsy': 3.96, 'yubo0923': 3.9, 'wj23027': 3.86, 'andyhuang18': 3.56, 'Maple0817': 3.32, 'will-ww': 3.27, 'zhicheng-ning': 2.52, 'PureNatural': 2.36, 'xiaoya-yaya': 2.24, 'xgdyp': 2.1, 'longyanz': 2.1, 'Zzzzzhuzhiwei': 1.5, 'birdflyi': 1.33, 'lhbvvvvv': 1.09, 'zhaosj975': 1}\n",
      "tyn1998: {'andyhuang18': 15.28, 'pomelo-nwu': 12.48, 'frank-zsy': 11.87, 'wj23027': 10.64, 'bifenglin': 9.84, 'Yanyan-Wang': 9.62, 'will-ww': 9.15, 'Zzzzzhuzhiwei': 7.93, 'lhbvvvvv': 7.84, 'zhicheng-ning': 7.73, 'PureNatural': 7.32, 'yangzy0603': 7.15, 'xgdyp': 6.96, 'stevending1st': 6.85, 'wxharry': 6.54, 'Aarebecca': 6.4, 'birdflyi': 5.19, 'xiaoya-yaya': 5.09, 'pranavshuklaa': 4.19, 'lidongze0629': 4.1, 'yvonneyx': 3.87, 'stealth-bombeer': 3.51, 'RackweLLizm': 3.35, 'yikenie': 3.21, 'Vlad116': 3.05, 'longyanz': 2.96, 'zhaosj975': 2.84, 'yubo0923': 2.83, 'Maple0817': 2.51, 'kunal8411': 2.32}\n",
      "frank-zsy: {'tyn1998': 11.87, 'Zzzzzhuzhiwei': 9.52, 'xgdyp': 8.44, 'will-ww': 7.62, 'PureNatural': 7.29, 'stevending1st': 6.84, 'birdflyi': 6.71, 'bifenglin': 6.4, 'andyhuang18': 6.29, 'lhbvvvvv': 5.92, 'wj23027': 5.48, 'zhicheng-ning': 5.33, 'pomelo-nwu': 3.96, 'xiaoya-yaya': 2.84, 'Yanyan-Wang': 2.1, 'yangzy0603': 1.77, 'wxharry': 1.51, 'pranavshuklaa': 1.34, 'stealth-bombeer': 1.26, 'kunal8411': 1.2, 'Vlad116': 1.2, 'zhaosj975': 1.09, 'Aarebecca': 0.97, 'lidongze0629': 0.89, 'longyanz': 0.89, 'yvonneyx': 0.88, 'RackweLLizm': 0.85, 'yikenie': 0.84, 'yubo0923': 0.81, 'Maple0817': 0.78}\n",
      "will-ww: {'bifenglin': 13.32, 'zhicheng-ning': 10.82, 'tyn1998': 9.15, 'Zzzzzhuzhiwei': 8.83, 'andyhuang18': 8.19, 'frank-zsy': 7.62, 'PureNatural': 7.06, 'lhbvvvvv': 6.92, 'wj23027': 6.26, 'xiaoya-yaya': 6.19, 'xgdyp': 6.14, 'birdflyi': 4.97, 'longyanz': 3.69, 'stevending1st': 3.51, 'pomelo-nwu': 3.27, 'zhaosj975': 1.65, 'kunal8411': 0.79}\n",
      "zhicheng-ning: {'will-ww': 10.82, 'andyhuang18': 7.88, 'tyn1998': 7.73, 'wj23027': 7.1, 'bifenglin': 6.34, 'Zzzzzhuzhiwei': 6.11, 'frank-zsy': 5.33, 'lhbvvvvv': 4.97, 'PureNatural': 4.63, 'xgdyp': 4.23, 'xiaoya-yaya': 4.11, 'stevending1st': 3.07, 'birdflyi': 3.01, 'longyanz': 2.72, 'pomelo-nwu': 2.52, 'kunal8411': 2.02, 'zhaosj975': 1.26}\n",
      "xgdyp: {'frank-zsy': 8.44, 'Zzzzzhuzhiwei': 7.71, 'PureNatural': 7.67, 'bifenglin': 7.61, 'birdflyi': 6.99, 'tyn1998': 6.96, 'will-ww': 6.14, 'xiaoya-yaya': 4.75, 'zhicheng-ning': 4.23, 'stevending1st': 3.91, 'lhbvvvvv': 3.23, 'andyhuang18': 2.47, 'longyanz': 2.34, 'pomelo-nwu': 2.1, 'wj23027': 1.87, 'zhaosj975': 0.93}\n",
      "stevending1st: {'tyn1998': 6.85, 'frank-zsy': 6.84, 'Zzzzzhuzhiwei': 4.96, 'andyhuang18': 4.28, 'xgdyp': 3.91, 'lhbvvvvv': 3.54, 'will-ww': 3.51, 'birdflyi': 3.48, 'wj23027': 3.37, 'PureNatural': 3.36, 'zhicheng-ning': 3.07, 'bifenglin': 2.71, 'wxharry': 2.03, 'pranavshuklaa': 1.73, 'kunal8411': 1.69, 'xiaoya-yaya': 1.69, 'stealth-bombeer': 1.6, 'Vlad116': 1.5}\n",
      "andyhuang18: {'tyn1998': 15.28, 'wj23027': 11.03, 'will-ww': 8.19, 'zhicheng-ning': 7.88, 'lhbvvvvv': 7.07, 'frank-zsy': 6.29, 'bifenglin': 5.59, 'wxharry': 5.53, 'Zzzzzhuzhiwei': 5.31, 'stevending1st': 4.28, 'PureNatural': 3.83, 'pranavshuklaa': 3.75, 'pomelo-nwu': 3.56, 'stealth-bombeer': 3.2, 'Vlad116': 2.81, 'kunal8411': 2.78, 'xgdyp': 2.47, 'longyanz': 2.33, 'xiaoya-yaya': 2.28, 'zhaosj975': 1.56, 'birdflyi': 1.51, 'Yanyan-Wang': 1.14, 'yangzy0603': 0.83}\n",
      "Zzzzzhuzhiwei: {'frank-zsy': 9.52, 'will-ww': 8.83, 'tyn1998': 7.93, 'xgdyp': 7.71, 'lhbvvvvv': 7.37, 'PureNatural': 6.49, 'birdflyi': 6.22, 'zhicheng-ning': 6.11, 'bifenglin': 5.79, 'andyhuang18': 5.31, 'stevending1st': 4.96, 'wj23027': 4.53, 'xiaoya-yaya': 3.69, 'wxharry': 2.22, 'pranavshuklaa': 1.87, 'stealth-bombeer': 1.72, 'Vlad116': 1.6, 'longyanz': 1.59, 'pomelo-nwu': 1.5, 'zhaosj975': 0.67}\n",
      "wxharry: {'tyn1998': 6.54, 'andyhuang18': 5.53, 'lhbvvvvv': 4.08, 'pranavshuklaa': 3.95, 'stealth-bombeer': 3.35, 'Vlad116': 2.93, 'Zzzzzhuzhiwei': 2.22, 'stevending1st': 2.03, 'wj23027': 1.71, 'frank-zsy': 1.51}\n",
      "bifenglin: {'will-ww': 13.32, 'tyn1998': 9.84, 'PureNatural': 7.75, 'xgdyp': 7.61, 'xiaoya-yaya': 7.42, 'frank-zsy': 6.4, 'zhicheng-ning': 6.34, 'birdflyi': 6.04, 'Zzzzzhuzhiwei': 5.79, 'andyhuang18': 5.59, 'pomelo-nwu': 4.11, 'longyanz': 3.97, 'wj23027': 3.62, 'lhbvvvvv': 3.55, 'stevending1st': 2.71, 'zhaosj975': 1.54, 'Yanyan-Wang': 0.86, 'yangzy0603': 0.67}\n",
      "yangzy0603: {'pomelo-nwu': 13.85, 'Aarebecca': 11.92, 'Yanyan-Wang': 11.85, 'tyn1998': 7.15, 'yvonneyx': 5.84, 'lidongze0629': 5.6, 'RackweLLizm': 4.29, 'yikenie': 4.06, 'yubo0923': 3.47, 'Maple0817': 3.01, 'frank-zsy': 1.77, 'wj23027': 1.31, 'andyhuang18': 0.83, 'bifenglin': 0.67}\n",
      "lidongze0629: {'pomelo-nwu': 8.1, 'Yanyan-Wang': 7.25, 'Aarebecca': 6.58, 'yangzy0603': 5.6, 'tyn1998': 4.1, 'yvonneyx': 3.93, 'RackweLLizm': 3.4, 'yikenie': 3.26, 'yubo0923': 2.86, 'Maple0817': 2.54, 'frank-zsy': 0.89}\n",
      "wj23027: {'andyhuang18': 11.03, 'tyn1998': 10.64, 'zhicheng-ning': 7.1, 'will-ww': 6.26, 'frank-zsy': 5.48, 'Zzzzzhuzhiwei': 4.53, 'lhbvvvvv': 4.43, 'pomelo-nwu': 3.86, 'bifenglin': 3.62, 'stevending1st': 3.37, 'kunal8411': 2.74, 'Yanyan-Wang': 2.34, 'PureNatural': 2.21, 'xgdyp': 1.87, 'xiaoya-yaya': 1.85, 'longyanz': 1.83, 'wxharry': 1.71, 'pranavshuklaa': 1.49, 'stealth-bombeer': 1.4, 'Vlad116': 1.32, 'yangzy0603': 1.31, 'birdflyi': 1.25, 'zhaosj975': 1}\n",
      "PureNatural: {'bifenglin': 7.75, 'xgdyp': 7.67, 'tyn1998': 7.32, 'frank-zsy': 7.29, 'will-ww': 7.06, 'Zzzzzhuzhiwei': 6.49, 'birdflyi': 6.01, 'zhicheng-ning': 4.63, 'xiaoya-yaya': 4.15, 'andyhuang18': 3.83, 'lhbvvvvv': 3.66, 'stevending1st': 3.36, 'pomelo-nwu': 2.36, 'longyanz': 2.26, 'wj23027': 2.21, 'zhaosj975': 1.43}\n",
      "kunal8411: {'andyhuang18': 2.78, 'wj23027': 2.74, 'tyn1998': 2.32, 'zhicheng-ning': 2.02, 'stevending1st': 1.69, 'frank-zsy': 1.2, 'will-ww': 0.79}\n",
      "birdflyi: {'xgdyp': 6.99, 'frank-zsy': 6.71, 'Zzzzzhuzhiwei': 6.22, 'bifenglin': 6.04, 'PureNatural': 6.01, 'tyn1998': 5.19, 'will-ww': 4.97, 'stevending1st': 3.48, 'xiaoya-yaya': 3.33, 'zhicheng-ning': 3.01, 'lhbvvvvv': 2.78, 'andyhuang18': 1.51, 'longyanz': 1.36, 'pomelo-nwu': 1.33, 'wj23027': 1.25, 'zhaosj975': 0.67}\n",
      "lhbvvvvv: {'tyn1998': 7.84, 'Zzzzzhuzhiwei': 7.37, 'andyhuang18': 7.07, 'will-ww': 6.92, 'frank-zsy': 5.92, 'zhicheng-ning': 4.97, 'wj23027': 4.43, 'wxharry': 4.08, 'PureNatural': 3.66, 'bifenglin': 3.55, 'stevending1st': 3.54, 'xgdyp': 3.23, 'pranavshuklaa': 3.02, 'birdflyi': 2.78, 'stealth-bombeer': 2.66, 'Vlad116': 2.38, 'xiaoya-yaya': 1.98, 'pomelo-nwu': 1.09, 'zhaosj975': 1.09, 'longyanz': 0.89}\n",
      "xiaoya-yaya: {'bifenglin': 7.42, 'will-ww': 6.19, 'tyn1998': 5.09, 'xgdyp': 4.75, 'PureNatural': 4.15, 'zhicheng-ning': 4.11, 'Zzzzzhuzhiwei': 3.69, 'birdflyi': 3.33, 'longyanz': 2.94, 'frank-zsy': 2.84, 'andyhuang18': 2.28, 'pomelo-nwu': 2.24, 'lhbvvvvv': 1.98, 'wj23027': 1.85, 'stevending1st': 1.69, 'zhaosj975': 0.67}\n",
      "stealth-bombeer: {'tyn1998': 3.51, 'wxharry': 3.35, 'andyhuang18': 3.2, 'lhbvvvvv': 2.66, 'pranavshuklaa': 2.6, 'Vlad116': 2.11, 'Zzzzzhuzhiwei': 1.72, 'stevending1st': 1.6, 'wj23027': 1.4, 'frank-zsy': 1.26}\n",
      "yikenie: {'pomelo-nwu': 4.66, 'Aarebecca': 4.55, 'Yanyan-Wang': 4.25, 'yangzy0603': 4.06, 'lidongze0629': 3.26, 'tyn1998': 3.21, 'yvonneyx': 3.11, 'RackweLLizm': 2.77, 'yubo0923': 2.4, 'Maple0817': 2.17, 'frank-zsy': 0.84}\n",
      "RackweLLizm: {'pomelo-nwu': 4.97, 'Aarebecca': 4.84, 'Yanyan-Wang': 4.5, 'yangzy0603': 4.29, 'lidongze0629': 3.4, 'tyn1998': 3.35, 'yvonneyx': 3.24, 'yikenie': 2.77, 'yubo0923': 2.48, 'Maple0817': 2.23, 'frank-zsy': 0.85}\n",
      "pranavshuklaa: {'tyn1998': 4.19, 'wxharry': 3.95, 'andyhuang18': 3.75, 'lhbvvvvv': 3.02, 'stealth-bombeer': 2.6, 'Vlad116': 2.34, 'Zzzzzhuzhiwei': 1.87, 'stevending1st': 1.73, 'wj23027': 1.49, 'frank-zsy': 1.34}\n",
      "Vlad116: {'tyn1998': 3.05, 'wxharry': 2.93, 'andyhuang18': 2.81, 'lhbvvvvv': 2.38, 'pranavshuklaa': 2.34, 'stealth-bombeer': 2.11, 'Zzzzzhuzhiwei': 1.6, 'stevending1st': 1.5, 'wj23027': 1.32, 'frank-zsy': 1.2}\n",
      "Maple0817: {'pomelo-nwu': 3.32, 'Aarebecca': 3.27, 'Yanyan-Wang': 3.11, 'yangzy0603': 3.01, 'lidongze0629': 2.54, 'tyn1998': 2.51, 'yvonneyx': 2.45, 'RackweLLizm': 2.23, 'yikenie': 2.17, 'yubo0923': 1.99, 'frank-zsy': 0.78}\n",
      "yvonneyx: {'Aarebecca': 7.73, 'pomelo-nwu': 7.63, 'Yanyan-Wang': 7.39, 'yangzy0603': 5.84, 'lidongze0629': 3.93, 'tyn1998': 3.87, 'RackweLLizm': 3.24, 'yikenie': 3.11, 'yubo0923': 2.75, 'Maple0817': 2.45, 'frank-zsy': 0.88}\n",
      "yubo0923: {'pomelo-nwu': 3.9, 'Aarebecca': 3.82, 'Yanyan-Wang': 3.61, 'yangzy0603': 3.47, 'lidongze0629': 2.86, 'tyn1998': 2.83, 'yvonneyx': 2.75, 'RackweLLizm': 2.48, 'yikenie': 2.4, 'Maple0817': 1.99, 'frank-zsy': 0.81}\n",
      "zhaosj975: {'tyn1998': 2.84, 'will-ww': 1.65, 'andyhuang18': 1.56, 'bifenglin': 1.54, 'PureNatural': 1.43, 'zhicheng-ning': 1.26, 'frank-zsy': 1.09, 'lhbvvvvv': 1.09, 'pomelo-nwu': 1, 'wj23027': 1, 'xgdyp': 0.93, 'longyanz': 0.83, 'birdflyi': 0.67, 'xiaoya-yaya': 0.67, 'Zzzzzhuzhiwei': 0.67}\n",
      "longyanz: {'bifenglin': 3.97, 'will-ww': 3.69, 'tyn1998': 2.96, 'xiaoya-yaya': 2.94, 'zhicheng-ning': 2.72, 'xgdyp': 2.34, 'andyhuang18': 2.33, 'PureNatural': 2.26, 'pomelo-nwu': 2.1, 'wj23027': 1.83, 'Zzzzzhuzhiwei': 1.59, 'birdflyi': 1.36, 'lhbvvvvv': 0.89, 'frank-zsy': 0.89, 'zhaosj975': 0.83}\n",
      "\n",
      "每个用户的直接朋友:\n",
      "Yanyan-Wang: ['Aarebecca', 'pomelo-nwu', 'yangzy0603', 'tyn1998', 'yvonneyx', 'lidongze0629', 'RackweLLizm', 'yikenie', 'yubo0923', 'Maple0817', 'wj23027', 'frank-zsy', 'andyhuang18', 'bifenglin']\n",
      "Aarebecca: ['Yanyan-Wang', 'pomelo-nwu', 'yangzy0603', 'yvonneyx', 'lidongze0629', 'tyn1998', 'RackweLLizm', 'yikenie', 'yubo0923', 'Maple0817', 'frank-zsy']\n",
      "pomelo-nwu: ['Yanyan-Wang', 'Aarebecca', 'yangzy0603', 'tyn1998', 'lidongze0629', 'yvonneyx', 'RackweLLizm', 'yikenie', 'bifenglin', 'frank-zsy', 'yubo0923', 'wj23027', 'andyhuang18', 'Maple0817', 'will-ww', 'zhicheng-ning', 'PureNatural', 'xiaoya-yaya', 'xgdyp', 'longyanz', 'Zzzzzhuzhiwei', 'birdflyi', 'lhbvvvvv', 'zhaosj975']\n",
      "tyn1998: ['andyhuang18', 'pomelo-nwu', 'frank-zsy', 'wj23027', 'bifenglin', 'Yanyan-Wang', 'will-ww', 'Zzzzzhuzhiwei', 'lhbvvvvv', 'zhicheng-ning', 'PureNatural', 'yangzy0603', 'xgdyp', 'stevending1st', 'wxharry', 'Aarebecca', 'birdflyi', 'xiaoya-yaya', 'pranavshuklaa', 'lidongze0629', 'yvonneyx', 'stealth-bombeer', 'RackweLLizm', 'yikenie', 'Vlad116', 'longyanz', 'zhaosj975', 'yubo0923', 'Maple0817', 'kunal8411']\n",
      "frank-zsy: ['tyn1998', 'Zzzzzhuzhiwei', 'xgdyp', 'will-ww', 'PureNatural', 'stevending1st', 'birdflyi', 'bifenglin', 'andyhuang18', 'lhbvvvvv', 'wj23027', 'zhicheng-ning', 'pomelo-nwu', 'xiaoya-yaya', 'Yanyan-Wang', 'yangzy0603', 'wxharry', 'pranavshuklaa', 'stealth-bombeer', 'kunal8411', 'Vlad116', 'zhaosj975', 'Aarebecca', 'lidongze0629', 'longyanz', 'yvonneyx', 'RackweLLizm', 'yikenie', 'yubo0923', 'Maple0817']\n",
      "will-ww: ['bifenglin', 'zhicheng-ning', 'tyn1998', 'Zzzzzhuzhiwei', 'andyhuang18', 'frank-zsy', 'PureNatural', 'lhbvvvvv', 'wj23027', 'xiaoya-yaya', 'xgdyp', 'birdflyi', 'longyanz', 'stevending1st', 'pomelo-nwu', 'zhaosj975', 'kunal8411']\n",
      "zhicheng-ning: ['will-ww', 'andyhuang18', 'tyn1998', 'wj23027', 'bifenglin', 'Zzzzzhuzhiwei', 'frank-zsy', 'lhbvvvvv', 'PureNatural', 'xgdyp', 'xiaoya-yaya', 'stevending1st', 'birdflyi', 'longyanz', 'pomelo-nwu', 'kunal8411', 'zhaosj975']\n",
      "xgdyp: ['frank-zsy', 'Zzzzzhuzhiwei', 'PureNatural', 'bifenglin', 'birdflyi', 'tyn1998', 'will-ww', 'xiaoya-yaya', 'zhicheng-ning', 'stevending1st', 'lhbvvvvv', 'andyhuang18', 'longyanz', 'pomelo-nwu', 'wj23027', 'zhaosj975']\n",
      "stevending1st: ['tyn1998', 'frank-zsy', 'Zzzzzhuzhiwei', 'andyhuang18', 'xgdyp', 'lhbvvvvv', 'will-ww', 'birdflyi', 'wj23027', 'PureNatural', 'zhicheng-ning', 'bifenglin', 'wxharry', 'pranavshuklaa', 'kunal8411', 'xiaoya-yaya', 'stealth-bombeer', 'Vlad116']\n",
      "andyhuang18: ['tyn1998', 'wj23027', 'will-ww', 'zhicheng-ning', 'lhbvvvvv', 'frank-zsy', 'bifenglin', 'wxharry', 'Zzzzzhuzhiwei', 'stevending1st', 'PureNatural', 'pranavshuklaa', 'pomelo-nwu', 'stealth-bombeer', 'Vlad116', 'kunal8411', 'xgdyp', 'longyanz', 'xiaoya-yaya', 'zhaosj975', 'birdflyi', 'Yanyan-Wang', 'yangzy0603']\n",
      "Zzzzzhuzhiwei: ['frank-zsy', 'will-ww', 'tyn1998', 'xgdyp', 'lhbvvvvv', 'PureNatural', 'birdflyi', 'zhicheng-ning', 'bifenglin', 'andyhuang18', 'stevending1st', 'wj23027', 'xiaoya-yaya', 'wxharry', 'pranavshuklaa', 'stealth-bombeer', 'Vlad116', 'longyanz', 'pomelo-nwu', 'zhaosj975']\n",
      "wxharry: ['tyn1998', 'andyhuang18', 'lhbvvvvv', 'pranavshuklaa', 'stealth-bombeer', 'Vlad116', 'Zzzzzhuzhiwei', 'stevending1st', 'wj23027', 'frank-zsy']\n",
      "bifenglin: ['will-ww', 'tyn1998', 'PureNatural', 'xgdyp', 'xiaoya-yaya', 'frank-zsy', 'zhicheng-ning', 'birdflyi', 'Zzzzzhuzhiwei', 'andyhuang18', 'pomelo-nwu', 'longyanz', 'wj23027', 'lhbvvvvv', 'stevending1st', 'zhaosj975', 'Yanyan-Wang', 'yangzy0603']\n",
      "yangzy0603: ['pomelo-nwu', 'Aarebecca', 'Yanyan-Wang', 'tyn1998', 'yvonneyx', 'lidongze0629', 'RackweLLizm', 'yikenie', 'yubo0923', 'Maple0817', 'frank-zsy', 'wj23027', 'andyhuang18', 'bifenglin']\n",
      "lidongze0629: ['pomelo-nwu', 'Yanyan-Wang', 'Aarebecca', 'yangzy0603', 'tyn1998', 'yvonneyx', 'RackweLLizm', 'yikenie', 'yubo0923', 'Maple0817', 'frank-zsy']\n",
      "wj23027: ['andyhuang18', 'tyn1998', 'zhicheng-ning', 'will-ww', 'frank-zsy', 'Zzzzzhuzhiwei', 'lhbvvvvv', 'pomelo-nwu', 'bifenglin', 'stevending1st', 'kunal8411', 'Yanyan-Wang', 'PureNatural', 'xgdyp', 'xiaoya-yaya', 'longyanz', 'wxharry', 'pranavshuklaa', 'stealth-bombeer', 'Vlad116', 'yangzy0603', 'birdflyi', 'zhaosj975']\n",
      "PureNatural: ['bifenglin', 'xgdyp', 'tyn1998', 'frank-zsy', 'will-ww', 'Zzzzzhuzhiwei', 'birdflyi', 'zhicheng-ning', 'xiaoya-yaya', 'andyhuang18', 'lhbvvvvv', 'stevending1st', 'pomelo-nwu', 'longyanz', 'wj23027', 'zhaosj975']\n",
      "kunal8411: ['andyhuang18', 'wj23027', 'tyn1998', 'zhicheng-ning', 'stevending1st', 'frank-zsy', 'will-ww']\n",
      "birdflyi: ['xgdyp', 'frank-zsy', 'Zzzzzhuzhiwei', 'bifenglin', 'PureNatural', 'tyn1998', 'will-ww', 'stevending1st', 'xiaoya-yaya', 'zhicheng-ning', 'lhbvvvvv', 'andyhuang18', 'longyanz', 'pomelo-nwu', 'wj23027', 'zhaosj975']\n",
      "lhbvvvvv: ['tyn1998', 'Zzzzzhuzhiwei', 'andyhuang18', 'will-ww', 'frank-zsy', 'zhicheng-ning', 'wj23027', 'wxharry', 'PureNatural', 'bifenglin', 'stevending1st', 'xgdyp', 'pranavshuklaa', 'birdflyi', 'stealth-bombeer', 'Vlad116', 'xiaoya-yaya', 'pomelo-nwu', 'zhaosj975', 'longyanz']\n",
      "xiaoya-yaya: ['bifenglin', 'will-ww', 'tyn1998', 'xgdyp', 'PureNatural', 'zhicheng-ning', 'Zzzzzhuzhiwei', 'birdflyi', 'longyanz', 'frank-zsy', 'andyhuang18', 'pomelo-nwu', 'lhbvvvvv', 'wj23027', 'stevending1st', 'zhaosj975']\n",
      "stealth-bombeer: ['tyn1998', 'wxharry', 'andyhuang18', 'lhbvvvvv', 'pranavshuklaa', 'Vlad116', 'Zzzzzhuzhiwei', 'stevending1st', 'wj23027', 'frank-zsy']\n",
      "yikenie: ['pomelo-nwu', 'Aarebecca', 'Yanyan-Wang', 'yangzy0603', 'lidongze0629', 'tyn1998', 'yvonneyx', 'RackweLLizm', 'yubo0923', 'Maple0817', 'frank-zsy']\n",
      "RackweLLizm: ['pomelo-nwu', 'Aarebecca', 'Yanyan-Wang', 'yangzy0603', 'lidongze0629', 'tyn1998', 'yvonneyx', 'yikenie', 'yubo0923', 'Maple0817', 'frank-zsy']\n",
      "pranavshuklaa: ['tyn1998', 'wxharry', 'andyhuang18', 'lhbvvvvv', 'stealth-bombeer', 'Vlad116', 'Zzzzzhuzhiwei', 'stevending1st', 'wj23027', 'frank-zsy']\n",
      "Vlad116: ['tyn1998', 'wxharry', 'andyhuang18', 'lhbvvvvv', 'pranavshuklaa', 'stealth-bombeer', 'Zzzzzhuzhiwei', 'stevending1st', 'wj23027', 'frank-zsy']\n",
      "Maple0817: ['pomelo-nwu', 'Aarebecca', 'Yanyan-Wang', 'yangzy0603', 'lidongze0629', 'tyn1998', 'yvonneyx', 'RackweLLizm', 'yikenie', 'yubo0923', 'frank-zsy']\n",
      "yvonneyx: ['Aarebecca', 'pomelo-nwu', 'Yanyan-Wang', 'yangzy0603', 'lidongze0629', 'tyn1998', 'RackweLLizm', 'yikenie', 'yubo0923', 'Maple0817', 'frank-zsy']\n",
      "yubo0923: ['pomelo-nwu', 'Aarebecca', 'Yanyan-Wang', 'yangzy0603', 'lidongze0629', 'tyn1998', 'yvonneyx', 'RackweLLizm', 'yikenie', 'Maple0817', 'frank-zsy']\n",
      "zhaosj975: ['tyn1998', 'will-ww', 'andyhuang18', 'bifenglin', 'PureNatural', 'zhicheng-ning', 'frank-zsy', 'lhbvvvvv', 'pomelo-nwu', 'wj23027', 'xgdyp', 'longyanz', 'birdflyi', 'xiaoya-yaya', 'Zzzzzhuzhiwei']\n",
      "longyanz: ['bifenglin', 'will-ww', 'tyn1998', 'xiaoya-yaya', 'zhicheng-ning', 'xgdyp', 'andyhuang18', 'PureNatural', 'pomelo-nwu', 'wj23027', 'Zzzzzhuzhiwei', 'birdflyi', 'lhbvvvvv', 'frank-zsy', 'zhaosj975']\n",
      "\n",
      "度数最多的前5个用户及其朋友数量:\n",
      "tyn1998: 30\n",
      "frank-zsy: 30\n",
      "pomelo-nwu: 24\n",
      "andyhuang18: 23\n",
      "wj23027: 23\n",
      "\n",
      "影响力最高的前5个用户:\n",
      "Yanyan-Wang: 50.95\n",
      "Aarebecca: 23.82\n",
      "pomelo-nwu: 22.36\n",
      "tyn1998: 16.64\n",
      "frank-zsy: 15.8\n",
      "\n",
      "综合影响力最高的前5个用户:\n",
      "Yanyan-Wang: 32.475\n",
      "tyn1998: 23.32\n",
      "pomelo-nwu: 23.18\n",
      "frank-zsy: 22.9\n",
      "Aarebecca: 17.41\n",
      "\n",
      "Yanyan-Wang 的‘朋友的朋友’中最有可能成为新朋友的用户:\n",
      "xgdyp: 共同朋友数量 6\n",
      "zhicheng-ning: 共同朋友数量 6\n",
      "longyanz: 共同朋友数量 6\n",
      "PureNatural: 共同朋友数量 6\n",
      "zhaosj975: 共同朋友数量 6\n",
      "\n",
      "与 Yanyan-Wang 连接强度最高的5个用户:\n",
      "Aarebecca: 连接强度 25.3\n",
      "pomelo-nwu: 连接强度 25.09\n",
      "yangzy0603: 连接强度 11.85\n",
      "tyn1998: 连接强度 9.62\n",
      "yvonneyx: 连接强度 7.39\n"
     ]
    }
   ],
   "source": [
    "import json\n",
    "import networkx as nx\n",
    "import matplotlib.pyplot as plt\n",
    "from matplotlib.font_manager import FontProperties\n",
    "file_path = r'D:\\newcode\\dase_introduction\\hw4_data.json'\n",
    "with open(file_path, 'r', encoding='utf-8') as file:\n",
    "    data = json.load(file)\n",
    "nodes = data['nodes']  \n",
    "edges = data['edges']  \n",
    "node_names = [node[0] for node in nodes]\n",
    "node_index = {name: idx for idx, name in enumerate(node_names)}\n",
    "adj_matrix = [[0 for _ in range(len(nodes))] for _ in range(len(nodes))]\n",
    "for edge in edges:\n",
    "    user1, user2, weight = edge\n",
    "    idx1, idx2 = node_index[user1], node_index[user2]\n",
    "    adj_matrix[idx1][idx2] = weight\n",
    "    adj_matrix[idx2][idx1] = weight \n",
    "adj_dict = {name: {} for name in node_names}\n",
    "for edge in edges:\n",
    "    user1, user2, weight = edge\n",
    "    adj_dict[user1][user2] = weight\n",
    "    adj_dict[user2][user1] = weight\n",
    "direct_friends = {name: list(adj_dict[name].keys()) for name in node_names}\n",
    "print(\"邻接矩阵:\")\n",
    "for row in adj_matrix:\n",
    "    print(row)\n",
    "print(\"\\n邻接字典:\")\n",
    "for key, value in adj_dict.items():\n",
    "    print(f\"{key}: {value}\")\n",
    "print(\"\\n每个用户的直接朋友:\")\n",
    "for key, value in direct_friends.items():\n",
    "    print(f\"{key}: {value}\")\n",
    "degrees = {name: len(friends) for name, friends in direct_friends.items()}\n",
    "top_5_by_degree = sorted(degrees.items(), key=lambda x: x[1], reverse=True)[:5]\n",
    "print(\"\\n度数最多的前5个用户及其朋友数量:\")\n",
    "for user, degree in top_5_by_degree:\n",
    "    print(f\"{user}: {degree}\")\n",
    "influence_scores = {node[0]: node[1] for node in nodes}\n",
    "top_5_by_influence = sorted(influence_scores.items(), key=lambda x: x[1], reverse=True)[:5]\n",
    "print(\"\\n影响力最高的前5个用户:\")\n",
    "for user, score in top_5_by_influence:\n",
    "    print(f\"{user}: {score}\")\n",
    "combined_influence = {\n",
    "    name: (influence_scores[name] * 0.5 + degrees[name] * 0.5)\n",
    "    for name in node_names\n",
    "}\n",
    "top_5_combined = sorted(combined_influence.items(), key=lambda x: x[1], reverse=True)[:5]\n",
    "print(\"\\n综合影响力最高的前5个用户:\")\n",
    "for user, combined_score in top_5_combined:\n",
    "    print(f\"{user}: {combined_score}\")\n",
    "yanyan_wang_friends = direct_friends.get('Yanyan-Wang', [])\n",
    "friends_of_friends = set()\n",
    "for friend in yanyan_wang_friends:\n",
    "    friends_of_friends.update(direct_friends[friend])\n",
    "friends_of_friends.discard('Yanyan-Wang')\n",
    "friends_of_friends.difference_update(yanyan_wang_friends)\n",
    "common_friends_count = {}\n",
    "for friend_of_friend in friends_of_friends:\n",
    "    common_friends = set(direct_friends[friend_of_friend]).intersection(yanyan_wang_friends)\n",
    "    common_friends_count[friend_of_friend] = len(common_friends)\n",
    "top_5_recommendations = sorted(common_friends_count.items(), key=lambda x: x[1], reverse=True)[:5]\n",
    "print(\"\\nYanyan-Wang 的‘朋友的朋友’中最有可能成为新朋友的用户:\")\n",
    "for user, count in top_5_recommendations:\n",
    "    print(f\"{user}: 共同朋友数量 {count}\")\n",
    "yanyan_wang_edges = []\n",
    "for edge in edges:\n",
    "    if 'Yanyan-Wang' in edge:\n",
    "        user1, user2, weight = edge\n",
    "        other_user = user2 if user1 == 'Yanyan-Wang' else user1\n",
    "        yanyan_wang_edges.append((other_user, weight))\n",
    "top_5_strongest_connections = sorted(yanyan_wang_edges, key=lambda x: x[1], reverse=True)[:5]\n",
    "print(\"\\n与 Yanyan-Wang 连接强度最高的5个用户:\")\n",
    "for user, strength in top_5_strongest_connections:\n",
    "    print(f\"{user}: 连接强度 {strength}\")\n",
    "\n"
   ]
  },
  {
   "cell_type": "code",
   "execution_count": 10,
   "metadata": {},
   "outputs": [
    {
     "data": {
